齿轮数量
Gears_numbers 12
0齿轮名称 1齿形 2模数 3齿数 4螺旋角 5变位系数 6齿宽系数  7摩擦力影响系数    8齿形系数      9受力       啮合齿轮
gear1       1     4     17   30.23    0           8            1.1           0.135       390000.0          2
gear2       1     4     37   30.23    0           8            0.9           0.151       848823.5          1
gear3       1     4     23   26.32    0           8            0.9           0.140       591604.3          4
gear4       1     4     33   26.32    0           8            1.1           0.148       848823.5          3
gear5       1     4     31   21.87    0           8            0.9           0.145       974575.2          6
gear6       1     4     27   21.87    0           8            1.1           0.142       848823.5          5
gear7       0     5     31   0        0           7            0.9           0.141      1461682.7          8
gear8       0     5     18   0        +0.536      7            1.1           0.175       848823.5          7
gear9       0     5     37   0        -0.25       8            0.9           0.130      2415882.4          10
gear10      0     5     13   0        +0.25       8            1.1           0.140       848823.5          9
gear11      0     5     32   0        0           8            0.9           0.142      2089411.8          12
gear12      0     5     21   0        +0.75       8            1.1           0.190      1371176.5          11

轴数量
Shaft_numbers 2
0轴名称  1轴直径  2支撑间距  齿轮及到前支撑的距离
shaft2     56         330      3 60   5 94   7 168   9 208   11 288
shaft3     56         362      2 30   4 102   6 146   8 210   10 250   12 330

备注： 
齿形：1为斜齿，0为直齿
摩擦力影响系数：1.1为主动   0.9为从动

说明：	1.更改齿轮参数后，
		2.点击保存，
		3.点击Graduation Project Van Transmission.exe运行得出计算结果
